name: CI-CDNet
channels:
  - pytorch
  - conda-forge
  - defaults
dependencies:
  - blas=1.0=mkl
  - brotli-python=1.0.9=py39hd77b12b_8
  - brotlipy=0.7.0=py39h2bbff1b_1003
  - ca-certificates=2024.9.24=haa95532_0
  - certifi=2024.8.30=py39haa95532_0
  - cffi=1.17.1=py39h827c3e9_0
  - charset-normalizer=2.0.4=pyhd3eb1b0_0
  - cryptography=43.0.0=py39h89fc84f_0
  - cudatoolkit=11.6.2=h3aee862_13
  - fftw=3.3.9=h2bbff1b_2
  - filelock=3.13.1=py39haa95532_0
  - flit-core=3.6.0=pyhd3eb1b0_0
  - freetype=2.12.1=ha860e81_0
  - giflib=5.2.2=h7edc060_0
  - gmpy2=2.1.2=py39h7f96b67_0
  - icc_rt=2022.1.0=h6049295_2
  - idna=3.7=py39haa95532_0
  - jinja2=3.1.4=py39haa95532_1
  - jpeg=9e=h827c3e9_3
  - lcms2=2.12=h83e58a3_0
  - lerc=3.0=hd77b12b_0
  - libdeflate=1.17=h2bbff1b_1
  - libjpeg-turbo=2.0.0=h196d8e1_0
  - libpng=1.6.39=h8cc25b3_0
  - libtiff=4.5.0=h8a3f274_0
  - libuv=1.48.0=h827c3e9_0
  - libwebp=1.3.2=hbc33d0d_0
  - libwebp-base=1.3.2=h3d04722_1
  - lz4-c=1.9.4=h2bbff1b_1
  - markupsafe=2.1.3=py39h2bbff1b_0
  - mkl-service=2.4.0=py39h2bbff1b_0
  - mkl_fft=1.3.1=py39h277e83a_0
  - mkl_random=1.2.2=py39hf11a4ad_0
  - mpc=1.1.0=h7edee0f_1
  - mpfr=4.0.2=h62dcd97_1
  - mpir=3.0.0=hec2e145_1
  - mpmath=1.3.0=py39haa95532_0
  - networkx=3.2.1=py39haa95532_0
  - ninja=1.12.1=haa95532_0
  - ninja-base=1.12.1=h4157e71_0
  - numpy=1.24.3=py39hf95b240_0
  - numpy-base=1.24.3=py39h005ec55_0
  - openjpeg=2.5.2=hae555c5_0
  - openssl=3.3.2=h2466b09_0
  - pip=24.2=py39haa95532_0
  - platformdirs=3.10.0=py39haa95532_0
  - pooch=1.8.2=py39haa95532_0
  - pycparser=2.21=pyhd3eb1b0_0
  - pyopenssl=24.2.1=py39haa95532_0
  - pysocks=1.7.1=py39haa95532_0
  - python=3.9.20=h8205438_1
  - python_abi=3.9=2_cp39
  - pytorch-mutex=1.0=cpu
  - pyyaml=6.0.2=py39h827c3e9_0
  - requests=2.32.3=py39haa95532_1
  - scipy=1.10.1=py39h321e85e_0
  - setuptools=75.1.0=py39haa95532_0
  - six=1.16.0=pyhd3eb1b0_1
  - sqlite=3.45.3=h2bbff1b_0
  - tk=8.6.14=h0416ee5_0
  - typing_extensions=4.11.0=py39haa95532_0
  - tzdata=2024b=h04d1e81_0
  - ucrt=10.0.22621.0=h57928b3_1
  - urllib3=2.2.3=py39haa95532_0
  - vc=14.40=h2eaa2aa_1
  - vc14_runtime=14.40.33810=hcc2c482_22
  - vs2015_runtime=14.40.33810=h3bf8584_22
  - wheel=0.44.0=py39haa95532_0
  - win_inet_pton=1.1.0=py39haa95532_0
  - wincertstore=0.2=py39haa95532_2
  - xz=5.4.6=h8cc25b3_1
  - yaml=0.2.5=he774522_0
  - zlib=1.2.13=h8cc25b3_1
  - zstd=1.5.6=h8880b57_0
  - pip:
      - contourpy==1.3.0
      - cycler==0.11.0
      - fonttools==4.38.0
      - fsspec==2024.10.0
      - importlib-resources==6.4.5
      - intel-openmp==2021.4.0
      - kiwisolver==1.4.7
      - matplotlib==3.9.2
      - mkl==2021.4.0
      - packaging==24.0
      - pillow==11.0.0
      - pyparsing==3.1.4
      - python-dateutil==2.9.0.post0
      - sympy==1.13.1
      - tbb==2021.13.1
      - torch==2.5.1
      - torchaudio==2.5.1
      - torchvision==0.20.1
      - zipp==3.20.2
prefix: C:\Users\User\.conda\envs\CI-CDNet
